2
amb: 0.1 0.1 0.1
light
pos: 20.000000 20.000000 -10.000000
col: 1.000000 1.000000 1.000000
light
pos: 10.000000 10.000000 10.000000
col: 1.000000 1.000000 1.000000